    0:     1     1     2
    1:    38    38    88
    2:    83    88   215
    3:   113   216   245
    4:   161   215   216
    5:   247   247   290
    6:   362   362   429
    7:   418   429   552
    8:   502   552   663
    9:   608   663   674
   10:   642   674   762
   11:   702   881   934
   12:   710   762   881
   13:   782   947   962
   14:   880   962  1031
   15:   907   934   947
   16:   958  1031  1080
   17:   962  1162  1260
   18:  1000  1080  1162
   19:  1059  1492  1493
   20:  1067  1289  1353
   21:  1097  1261  1266
   22:  1101  1467  1489
   23:  1120  1353  1467
   24:  1172  1266  1289
   25:  1209  1489  1492
   26:  1242  1260  1261
   27:  1337  1595  1608
   28:  1414  1581  1595
   29:  1438  1578  1581
   30:  1443  1577  1578
   31:  1484  1493  1577
   32:  1512  1608  1615
   33:  1574  1615  1675
   34:  1683  1683  1816
   35:  1752  1858  1869
   36:  1813  1816  1858
   37:  1882  1882  2116
   38:  1907  2116  2226
   39:  1951  2226  2244
   40:  2061  2244  2251
   41:  2150  2346  2389
   42:  2170  2389  2557
   43:  2239  2251  2346
   44:  2295  2597  2644
   45:  2390  2655  2667
   46:  2464  2559  2597
   47:  2510  2650  2655
   48:  2515  2644  2650
   49:  2525  2557  2559
SUM: 2667 2535 0.9505 170.48 119.78 433
