    0:     1     1     4
    1:    80    80   180
    2:   176   180   434
    3:   240   436   495
    4:   342   434   436
    5:   520   520   605
    6:   753   753   886
    7:   871   886  1132
    8:  1045  1132  1354
    9:  1262  1354  1375
   10:  1335  1375  1552
   11:  1462  1790  1896
   12:  1480  1552  1790
   13:  1630  1922  1951
   14:  1832  1951  2090
   15:  1890  1896  1922
   16:  1999  2090  2188
   17:  2009  2351  2547
   18:  2090  2188  2351
   19:  2215  3011  3012
   20:  2232  2605  2733
   21:  2296  2547  2558
   22:  2306  2961  3005
   23:  2348  2733  2961
   24:  2458  2558  2605
   25:  2538  3005  3011
   26:  2609  3242  3476
   27:  2805  3216  3242
   28:  2966  3012  3216
   29:  3018  3725  3764
   30:  3029  3764  3770
   31:  3116  3770  3772
   32:  3176  3476  3725
   33:  3307  3772  3844
   34:  3530  3844  4109
   35:  3675  4194  4216
   36:  3803  4109  4194
   37:  3947  4465  4685
   38:  4001  4428  4465
   39:  4095  4216  4428
   40:  4319  4691  4967
   41:  4504  4685  4691
   42:  4548  4967  5027
   43:  4693  5027  5277
   44:  4811  5277  5541
   45:  5007  5541  5587
   46:  5162  5650  5727
   47:  5260  5587  5611
   48:  5271  5611  5621
   49:  5294  5621  5650
   50:  5514  5727  5877
   51:  5732  6094  6273
   52:  5770  5877  6094
   53:  5972  6311  6563
   54:  5985  6563  6651
   55:  6216  6273  6311
   56:  6380  6795  6861
   57:  6613  6861  6984
   58:  6618  6651  6795
   59:  6789  6984  7178
   60:  6998  7178  7179
   61:  7174  7179  7188
   62:  7182  7188  7349
   63:  7366  7366  7446
   64:  7468  7468  7889
   65:  7547  7889  8155
   66:  7562  8155  8209
   67:  7626  8209  8215
   68:  7839  8215  8266
   69:  8024  8545  8658
   70:  8133  8266  8545
   71:  8375  8946  9011
   72:  8473  8658  8687
   73:  8521  8687  8884
   74:  8627  9011  9139
   75:  8650  8884  8946
   76:  8783  9532  9592
   77:  9035  9139  9473
   78:  9068  9473  9532
   79:  9250  9637  9704
   80:  9413  9850  9954
   81:  9432  9592  9637
   82:  9536  9704  9826
   83:  9558  9826  9850
   84:  9699 10025 10328
   85:  9771 10328 10706
   86:  9918  9954 10025
   87: 10012 11470 11472
   88: 10058 10811 10984
   89: 10211 10984 11005
   90: 10384 11005 11032
   91: 10417 10706 10811
   92: 10584 11083 11470
   93: 10598 11032 11083
   94: 10843 11820 11834
   95: 10975 11721 11746
   96: 10990 11746 11761
   97: 11098 11472 11693
   98: 11133 11693 11721
   99: 11135 11761 11820
SUM: 11834 11545 0.9756 456.79 341.34 1458
