    0:     1     1     2
    1:    14    14    73
    2:    30   221   222
    3:    40    73   186
    4:    57   186   221
    5:    94   244   308
    6:   158   222   229
    7:   179   308   374
    8:   215   229   244
    9:   268   389   492
   10:   280   374   389
   11:   303   557   590
   12:   305   492   528
   13:   334   528   557
   14:   380   659   716
   15:   389   596   617
   16:   408   626   659
   17:   409   868   869
   18:   422   731   754
   19:   445   595   596
   20:   447   754   760
   21:   457   835   862
   22:   458   590   592
   23:   464   617   626
   24:   483   760   835
   25:   496   592   595
   26:   507   862   868
   27:   551   716   731
   28:   583   716   716
   29:   591  1016  1039
   30:   592  1039  1042
   31:   606  1042  1043
   32:   615  1013  1016
   33:   639  1043  1085
   34:   696   881   930
   35:   723  1142  1417
   36:   746   869   881
   37:   773  1085  1142
   38:   781   992  1013
   39:   797   984   992
   40:   855   930   984
   41:   895  1690  1696
   42:   902  1491  1499
   43:   929  1641  1646
   44:   950  1483  1491
   45:   994  1458  1464
   46:  1024  1513  1546
   47:  1041  1464  1478
   48:  1042  1478  1483
   49:  1045  1499  1500
   50:  1100  1417  1458
   51:  1154  1676  1690
   52:  1160  1565  1585
   53:  1206  1546  1565
   54:  1208  1500  1513
   55:  1270  1708  1712
   56:  1303  1585  1636
   57:  1367  1696  1708
   58:  1391  1636  1641
   59:  1414  1646  1676
   60:  1437  1770  1778
   61:  1459  1984  1997
   62:  1467  1769  1770
   63:  1470  1850  1859
   64:  1533  1864  1889
   65:  1546  1908  1984
   66:  1555  1889  1908
   67:  1564  1721  1745
   68:  1569  1745  1769
   69:  1641  1778  1850
   70:  1674  1712  1721
   71:  1682  1859  1864
   72:  1738  2044  2062
   73:  1756  2104  2141
   74:  1759  2062  2104
   75:  1784  2221  2256
   76:  1867  2141  2187
   77:  1872  2191  2221
   78:  1910  2187  2191
   79:  1942  1997  2044
SUM: 2256 2243 0.9942 311.39 283.35 795
