    0:     1     1     4
    1:    30    30   130
    2:    66   382   384
    3:    89   130   323
    4:   128   323   382
    5:   207   397   530
    6:   331   384   397
    7:   378   530   643
    8:   455   844   865
    9:   563   667   844
   10:   590   643   667
   11:   641   865  1011
   12:   647  1127  1137
   13:   710  1072  1086
   14:   806  1137  1225
   15:   827  1021  1057
   16:   869  1086  1127
   17:   872  1475  1486
   18:   902  1225  1290
   19:   952  1014  1021
   20:   958  1290  1300
   21:   981  1300  1475
   22:   984  1011  1014
   23:   999  1057  1072
   24:  1042  1487  1544
   25:  1072  1855  1950
   26:  1098  1486  1487
   27:  1190  1544  1721
   28:  1259  1736  1747
   29:  1278  1747  1775
   30:  1281  1775  1781
   31:  1314  1781  1783
   32:  1336  1721  1736
   33:  1389  1783  1855
   34:  1503  2294  2326
   35:  1563  2411  2433
   36:  1614  2326  2411
   37:  1674  1950  1952
   38:  1693  1958  2184
   39:  1729  2184  2221
   40:  1844  2221  2234
   41:  1928  1952  1958
   42:  1944  2234  2294
   43:  2004  2652  2822
   44:  2050  2546  2558
   45:  2142  2502  2512
   46:  2207  2575  2652
   47:  2244  2512  2536
   48:  2248  2536  2546
   49:  2256  2558  2575
   50:  2367  2433  2502
   51:  2477  2822  2898
   52:  2490  3066  3153
   53:  2586  3153  3188
   54:  2590  3188  3276
   55:  2712  2898  2936
   56:  2783  2936  3066
   57:  2907  3420  3609
   58:  2908  3415  3420
   59:  2983  3414  3415
   60:  3085  3405  3414
   61:  3163  3276  3405
   62:  3165  3609  3974
   63:  3248  3974  4054
   64:  3287  4462  4475
   65:  3316  4202  4209
   66:  3321  4149  4155
   67:  3344  4137  4149
   68:  3449  4054  4098
   69:  3533  4475  4490
   70:  3575  4343  4377
   71:  3709  4098  4137
   72:  3746  4402  4461
   73:  3763  4209  4264
   74:  3804  4490  4971
   75:  3812  4155  4202
   76:  3866  4461  4462
   77:  4013  4264  4343
   78:  4024  4377  4402
   79:  4106  5295  5312
   80:  4176  5058  5062
   81:  4182  5357  5379
   82:  4222  5166  5190
   83:  4229  5163  5166
   84:  4287  5435  5436
   85:  4313  5048  5058
   86:  4374  5062  5133
   87:  4410  4971  5046
   88:  4426  5335  5336
   89:  4490  5336  5357
   90:  4566  5379  5384
   91:  4577  5133  5163
   92:  4649  5046  5048
   93:  4654  5408  5435
   94:  4792  5384  5408
   95:  4845  5312  5320
   96:  4850  5320  5335
   97:  4892  5190  5267
   98:  4904  5267  5295
   99:  4999  5597  5668
  100:  5027  5835  5947
  101:  5045  5578  5597
  102:  5086  5668  5740
  103:  5233  5745  5835
  104:  5242  5465  5578
  105:  5244  5436  5465
  106:  5375  5740  5745
  107:  5446  5974  5991
  108:  5487  6266  6267
  109:  5493  6042  6131
  110:  5513  6267  6340
  111:  5551  6379  6815
  112:  5575  5968  5974
  113:  5590  6815  6829
  114:  5597  5947  5968
  115:  5649  6181  6182
  116:  5658  6340  6379
  117:  5674  6182  6266
  118:  5698  5991  6042
  119:  5823  6131  6181
  120:  5969  7043  7078
  121:  6104  7036  7043
  122:  6120  6869  6875
  123:  6254  7290  7292
  124:  6267  7004  7014
  125:  6281  6829  6839
  126:  6382  6875  6957
  127:  6410  7292  7323
  128:  6449  7023  7030
  129:  6455  7088  7127
  130:  6456  7127  7133
  131:  6528  7218  7290
  132:  6624  7030  7036
  133:  6641  6858  6869
  134:  6667  7209  7218
  135:  6673  6957  7004
  136:  6691  6839  6858
  137:  6772  7078  7088
  138:  6783  7162  7209
  139:  6815  7014  7023
  140:  6823  7133  7162
  141:  6854  7778  7819
  142:  6974  7323  7404
  143:  7122  7538  7600
  144:  7137  7695  7778
  145:  7139  7600  7695
  146:  7204  7404  7423
  147:  7214  7531  7538
  148:  7227  7600  7600
  149:  7284  7437  7531
  150:  7298  7423  7437
  151:  7418  8049  8066
  152:  7508  8133  8184
  153:  7509  8271  8724
  154:  7546  8030  8049
  155:  7575  8092  8130
  156:  7583  8184  8242
  157:  7637  7819  7846
  158:  7695  8130  8133
  159:  7734  8242  8271
  160:  7801  8066  8092
  161:  7810  7846  8030
  162:  7832  8876  8884
  163:  7976  8993  8994
  164:  8051  8994  9046
  165:  8057  9158  9221
  166:  8085  8724  8743
  167:  8121  8818  8837
  168:  8198  8884  8973
  169:  8213  8837  8851
  170:  8344  9046  9050
  171:  8446  8743  8764
  172:  8483  8973  8980
  173:  8492  8764  8794
  174:  8500  9050  9056
  175:  8502  9097  9158
  176:  8515  8815  8818
  177:  8533  8980  8993
  178:  8573  8851  8856
  179:  8577  8856  8862
  180:  8688  8794  8815
  181:  8705  8862  8876
  182:  8720  9056  9097
  183:  8762  9669  9719
  184:  8777  9316  9323
  185:  8794  9569  9623
  186:  8825  9623  9649
  187:  8844  9244  9255
  188:  8902  9323  9499
  189:  8905  9306  9316
  190:  8910  9666  9669
  191:  8967  9551  9569
  192:  8987  9232  9244
  193:  9078  9256  9306
  194:  9091  9255  9256
  195:  9096  9649  9666
  196:  9102  9499  9539
  197:  9132  9539  9551
  198:  9138  9221  9232
  199:  9162  9551  9551
  200:  9233  9999 10029
  201:  9275  9791  9802
  202:  9349 10029 10133
  203:  9354  9895  9929
  204:  9370  9720  9791
  205:  9383  9802  9895
  206:  9399 10133 10159
  207:  9456  9993  9999
  208:  9540  9955  9967
  209:  9566  9719  9720
  210:  9595  9929  9955
  211:  9602  9967  9974
  212:  9691  9974  9993
  213:  9783 10159 10190
  214:  9822 10540 10568
  215:  9839 10409 10540
  216:  9922 10190 10257
  217:  9952 10257 10377
  218: 10004 10377 10409
  219: 10146 10159 10159
  220: 10203 10568 10571
  221: 10217 10919 10935
  222: 10220 10916 10919
  223: 10254 10897 10916
  224: 10280 10868 10897
  225: 10382 10834 10868
  226: 10402 11374 11398
  227: 10420 10935 11332
  228: 10463 11332 11335
  229: 10466 11339 11374
  230: 10487 10571 10637
  231: 10506 11335 11339
  232: 10513 10637 10834
  233: 10574 11750 11773
  234: 10587 11689 11737
  235: 10637 11819 11839
  236: 10734 11773 11819
  237: 10810 11839 11870
  238: 10874 11512 11516
  239: 10955 11398 11434
  240: 10958 11737 11743
  241: 11052 11575 11585
  242: 11113 11434 11463
  243: 11151 11463 11512
  244: 11167 11650 11684
  245: 11185 11684 11689
  246: 11289 11743 11750
  247: 11307 11585 11588
  248: 11379 11588 11650
  249: 11381 11516 11575
  250: 11406 11895 11934
  251: 11417 12174 12327
  252: 11505 11934 11944
  253: 11530 11985 12077
  254: 11657 12077 12174
  255: 11676 11944 11985
  256: 11758 11870 11895
  257: 11876 12356 12413
  258: 11888 12327 12356
  259: 11984 12490 12504
  260: 12058 12516 12642
  261: 12060 12429 12490
  262: 12133 12413 12429
  263: 12220 12504 12516
  264: 12308 12642 12701
  265: 12401 12930 13090
  266: 12475 13090 13172
  267: 12496 12838 12886
  268: 12604 12748 12838
  269: 12616 12722 12748
  270: 12622 12886 12930
  271: 12678 12701 12722
  272: 12713 13445 13456
  273: 12725 13456 13503
  274: 12800 13172 13190
  275: 12809 13370 13427
  276: 12892 13190 13259
  277: 13027 13427 13445
  278: 13068 13503 13566
  279: 13071 13259 13338
  280: 13128 13566 13622
  281: 13169 13338 13370
  282: 13285 13622 13653
  283: 13432 13653 13662
  284: 13472 13919 13985
  285: 13532 13662 13767
  286: 13594 13767 13919
  287: 13634 14385 14803
  288: 13742 14239 14254
  289: 13830 14183 14226
  290: 13907 14254 14385
  291: 13918 13985 14183
  292: 13928 14803 14806
  293: 13936 14226 14239
  294: 14060 14806 14826
  295: 14061 15024 15033
  296: 14066 15010 15017
  297: 14095 15199 15238
  298: 14186 15177 15199
  299: 14197 14933 14990
  300: 14239 15169 15177
  301: 14329 15240 15722
  302: 14330 15097 15103
  303: 14407 15103 15169
  304: 14435 15008 15010
  305: 14525 15017 15024
  306: 14532 15238 15240
  307: 14601 14826 14864
  308: 14663 15033 15073
  309: 14696 15081 15097
  310: 14713 14990 15008
  311: 14732 14864 14868
  312: 14777 15073 15081
  313: 14794 14868 14933
  314: 14845 15919 15926
  315: 14957 15753 15767
  316: 14979 16029 16073
  317: 14991 15783 15879
  318: 15027 16138 16193
  319: 15041 16097 16138
  320: 15082 15722 15722
  321: 15115 15939 16029
  322: 15118 15767 15783
  323: 15233 16073 16073
  324: 15327 15879 15884
  325: 15361 15722 15753
  326: 15476 16073 16075
  327: 15503 15926 15939
  328: 15535 16029 16029
  329: 15637 16193 16672
  330: 15643 16075 16097
  331: 15654 15892 15919
  332: 15696 15884 15892
  333: 15780 17549 17561
  334: 15805 17108 17549
  335: 15907 17100 17108
  336: 15912 16726 16818
  337: 15956 16715 16726
  338: 15995 16880 16891
  339: 16101 16824 16831
  340: 16194 16831 16833
  341: 16229 16972 17042
  342: 16235 17045 17090
  343: 16251 16920 16927
  344: 16291 16672 16715
  345: 16339 16927 16972
  346: 16452 17042 17045
  347: 16456 16833 16880
  348: 16466 17090 17100
  349: 16500 16891 16920
  350: 16612 16818 16824
  351: 16642 17561 17564
  352: 16701 18041 18058
  353: 16710 17596 17649
  354: 16742 17567 17584
  355: 16782 17688 17708
  356: 16810 18058 18070
  357: 16812 17820 17821
  358: 16906 17708 17713
  359: 16908 17734 17750
  360: 16938 17848 17884
  361: 17087 17713 17734
  362: 17115 17584 17596
  363: 17194 17821 17848
  364: 17318 17649 17686
  365: 17323 17884 18000
  366: 17370 17793 17820
  367: 17466 17686 17688
  368: 17501 17564 17567
  369: 17530 18000 18028
  370: 17533 18028 18041
  371: 17545 17750 17793
  372: 17662 18244 18462
  373: 17791 18097 18188
  374: 17833 18070 18074
  375: 17841 18074 18097
  376: 17894 18510 18515
  377: 17913 18549 18573
  378: 17926 18515 18549
  379: 17974 18462 18510
  380: 17995 18188 18244
  381: 18101 18631 18647
  382: 18198 18573 18631
  383: 18253 18842 19005
  384: 18297 18808 18842
  385: 18412 18750 18808
  386: 18483 18656 18750
  387: 18512 19005 19065
  388: 18534 18647 18656
  389: 18574 19330 19403
  390: 18596 19221 19326
  391: 18723 19326 19330
  392: 18798 19065 19070
  393: 18857 19070 19142
  394: 18902 19142 19151
  395: 18911 19403 19455
  396: 18998 19455 19549
  397: 19026 19151 19221
  398: 19037 19549 19553
  399: 19081 19855 19909
  400: 19129 19761 19776
  401: 19142 19677 19704
  402: 19233 19776 19855
  403: 19254 19607 19620
  404: 19338 19909 19962
  405: 19375 19572 19607
  406: 19395 19704 19761
  407: 19445 19553 19572
  408: 19475 19620 19677
  409: 19584 20003 20035
  410: 19589 20462 20507
  411: 19601 19962 20003
  412: 19606 20035 20231
  413: 19655 20306 20395
  414: 19708 20427 20462
  415: 19859 20426 20427
  416: 19910 20395 20426
  417: 19952 20231 20306
  418: 20041 20862 20913
  419: 20092 20678 20807
  420: 20152 20507 20530
  421: 20229 20970 20984
  422: 20271 20670 20675
  423: 20274 20913 20967
  424: 20331 20967 20970
  425: 20447 20846 20862
  426: 20454 20807 20816
  427: 20460 20816 20846
  428: 20476 20530 20670
  429: 20499 20675 20678
  430: 20524 21192 21208
  431: 20672 21187 21192
  432: 20676 21208 21263
  433: 20705 20984 21014
  434: 20707 21414 21463
  435: 20757 21384 21414
  436: 20844 21166 21187
  437: 20905 21263 21384
  438: 20960 21014 21166
  439: 21055 21695 21743
  440: 21099 21743 21745
  441: 21149 21745 21784
  442: 21165 21784 21799
  443: 21192 21665 21695
  444: 21196 21799 21810
  445: 21300 21658 21665
  446: 21318 21889 21890
  447: 21319 21591 21619
  448: 21340 21626 21658
  449: 21358 21619 21626
  450: 21394 21810 21889
  451: 21433 21463 21591
  452: 21468 22235 22246
  453: 21506 22261 22288
  454: 21592 22153 22161
  455: 21656 22073 22153
  456: 21784 22161 22186
  457: 21786 22186 22235
  458: 21817 21890 21978
  459: 21821 22246 22261
  460: 21870 21978 22073
  461: 21901 22318 22479
  462: 21944 22621 22635
  463: 22026 22716 22732
  464: 22029 22288 22318
  465: 22062 22675 22716
  466: 22122 22539 22615
  467: 22151 22635 22675
  468: 22166 22479 22496
  469: 22226 22499 22539
  470: 22239 22732 23207
  471: 22282 22496 22499
  472: 22287 22615 22621
  473: 22328 23357 23449
  474: 22362 23449 23496
  475: 22422 23207 23216
  476: 22430 23234 23238
  477: 22472 23496 23531
  478: 22576 23334 23357
  479: 22632 23615 23669
  480: 22670 23226 23234
  481: 22774 23238 23273
  482: 22865 23299 23334
  483: 22867 23216 23226
  484: 22950 23531 23548
  485: 23010 23669 24145
  486: 23083 23273 23299
  487: 23125 23548 23615
  488: 23264 24157 24167
  489: 23289 24202 24362
  490: 23348 24147 24153
  491: 23386 24362 24547
  492: 23394 24153 24157
  493: 23430 24145 24147
  494: 23456 24180 24202
  495: 23590 24573 24586
  496: 23604 24547 24573
  497: 23607 24167 24169
  498: 23616 24169 24180
  499: 23625 24586 24622
SUM: 24622 24595 0.9989 567.94 518.75 1769
