    0:     1     1     4
    1:   105   105   205
    2:   228   228   482
    3:   315   484   543
    4:   444   482   484
    5:   644   644   729
    6:   885   885  1018
    7:  1031  1031  1277
    8:  1228  1277  1499
    9:  1458  1499  1520
   10:  1556  1556  1733
   11:  1711  1733  2077
   12:  1738  2132  2183
   13:  1914  2077  2132
   14:  2133  2183  2271
   15:  2213  2271  2439
   16:  2350  2439  2509
   17:  2365  2509  2868
   18:  2472  3054  3064
   19:  2625  3326  3333
   20:  2650  2879  3054
   21:  2737  2868  2879
   22:  2752  3282  3326
   23:  2812  3064  3282
   24:  2950  3334  3740
   25:  3056  3333  3334
   26:  3151  3740  3797
   27:  3365  3797  4031
   28:  3551  4031  4057
   29:  3623  4057  4085
   30:  3639  4085  4091
   31:  3753  4091  4093
   32:  3835  4165  4284
   33:  3994  4093  4165
   34:  4228  4284  4430
   35:  4400  4430  4537
   36:  4556  4556  4578
   37:  4727  4727  5174
   38:  4802  5174  5394
   39:  4923  5394  5431
   40:  5158  5431  5444
   41:  5364  5444  5720
   42:  5426  5720  6056
   43:  5598  6056  6306
   44:  5744  6306  6570
   45:  5959  6570  6616
   46:  6140  6679  6756
   47:  6265  6616  6640
   48:  6282  6640  6650
   49:  6316  6650  6679
   50:  6548  6756  6906
   51:  6779  7123  7302
   52:  6832  6906  7123
   53:  7051  7302  7516
   54:  7071  7516  7604
   55:  7311  7814  7944
   56:  7500  7604  7814
   57:  7741  7944  7951
   58:  7749  7951  8140
   59:  7944  8140  8145
   60:  8168  8168  8169
   61:  8367  8367  8376
   62:  8379  8379  8540
   63:  8584  8584  8664
   64:  8713  8713  9134
   65:  8817  9134  9400
   66:  8840  9400  9454
   67:  8927  9454  9460
   68:  9154  9801 10193
   69:  9360  9460  9801
   70:  9497 10359 10472
   71:  9744 10193 10232
   72:  9869 10472 10556
   73:  9936 10297 10359
   74: 10070 10556 11008
   75: 10104 10232 10297
   76: 10265 11416 11461
   77: 10518 11099 11342
   78: 10565 11349 11401
   79: 10768 11342 11349
   80: 10956 11008 11099
   81: 10984 11401 11416
   82: 11116 11473 11719
   83: 11148 11719 11743
   84: 11316 11461 11473
   85: 11412 11743 11851
   86: 11586 11851 11926
   87: 11707 12129 12419
   88: 11771 11926 12129
   89: 11950 12536 12730
   90: 12147 12730 12757
   91: 12194 12421 12536
   92: 12385 12419 12421
   93: 12406 12757 12808
   94: 12655 12808 12835
   95: 12815 12835 12923
   96: 12837 12923 12938
   97: 12973 12973 13041
   98: 13022 13041 13069
   99: 13025 13069 13168
SUM: 13168 12217 0.9278 399.35 277.18 1151
