    0:     1     1     7
    1:    45    45   241
    2:   100   733   737
    3:   135   241   618
    4:   194   618   733
    5:   319   809  1023
    6:   533   737   762
    7:   604  1023  1244
    8:   724   762   809
    9:   903  1293  1638
   10:   944  1244  1293
   11:  1022  1855  1964
   12:  1031  1638  1757
   13:  1128  1757  1855
   14:  1284  2190  2381
   15:  1315  1983  2053
   16:  1379  2082  2190
   17:  1384  2888  2892
   18:  1430  2432  2508
   19:  1506  1981  1983
   20:  1514  2508  2528
   21:  1549  2778  2869
   22:  1554  1964  1970
   23:  1576  2053  2082
   24:  1641  2528  2778
   25:  1686  1970  1981
   26:  1725  2869  2888
   27:  1872  2381  2432
   28:  1979  3381  3402
   29:  2007  3402  3458
   30:  2012  3458  3469
   31:  2061  3469  3473
   32:  2093  3373  3381
   33:  2174  3473  3614
   34:  2365  2931  3096
   35:  2457  3804  4721
   36:  2535  2892  2931
   37:  2627  3614  3804
   38:  2656  3302  3373
   39:  2710  3096  3302
   40:  2903  5040  5110
   41:  3036  5630  5649
   42:  3059  4965  4993
   43:  3151  5450  5482
   44:  3222  4941  4965
   45:  3369  4855  4876
   46:  3470  5110  5148
   47:  3527  4876  4923
   48:  3532  4923  4941
   49:  3544  4993  4998
   50:  3730  4721  4855
   51:  3913  5482  5630
   52:  3933  5212  5281
   53:  4089  5148  5212
   54:  4096  4998  5040
   55:  4305  5691  5703
   56:  4416  5321  5450
   57:  4630  5649  5691
   58:  4632  5281  5321
   59:  4750  5954  6094
   60:  4916  6094  6097
   61:  5039  6097  6115
   62:  5043  6400  6429
   63:  5175  6499  6586
   64:  5234  5733  5762
   65:  5278  6115  6283
   66:  5286  6283  6388
   67:  5321  6388  6400
   68:  5494  6429  6499
   69:  5628  5703  5733
   70:  5692  5762  5954
   71:  5933  6586  6750
   72:  5990  7266  7381
   73:  6016  6875  6997
   74:  6078  7383  8267
   75:  6090  6750  6875
   76:  6173  7381  7383
   77:  6452  6997  7152
   78:  6469  7152  7266
   79:  6598  8267  8932
SUM: 8932 8893 0.9956 1060.81 949.65 2594
